! after Gaussian 16 C.01 normalization
H     0
S    3   1.00
      0.1301000000D+02  0.3349872639D-01
      0.1962000000D+01  0.2348008012D+00
      0.4446000000D+00  0.8136829579D+00
S    1   1.00
      1.220000D-01           1.000000D+00
P    1   1.00
      7.270000D-01           1.0000000
****
C     0
S    7   1.00
      0.6665000000D+04  0.6935163173D-03
      0.1000000000D+04  0.5341502433D-02
      0.2280000000D+03  0.2713667141D-01
      0.6471000000D+02  0.1019923853D+00
      0.2106000000D+02  0.2755086365D+00
      0.7495000000D+01  0.4510864331D+00
      0.2797000000D+01  0.2875657448D+00
S    7   1.00
      0.6665000000D+04  0.7733547404D-05
      0.2280000000D+03  0.2780721367D-03
      0.6471000000D+02 -0.2578756542D-02
      0.2106000000D+02 -0.8950876838D-02
      0.7495000000D+01 -0.1060588547D+00
      0.2797000000D+01 -0.1315176856D+00
      0.5215000000D+00  0.1099486598D+01
S    1   1.00
      1.596000D-01           1.000000D+00
P    3   1.00
      0.9439000000D+01  0.5697925159D-01
      0.2002000000D+01  0.3132072115D+00
      0.5456000000D+00  0.7603767417D+00
P    1   1.00
      1.517000D-01           1.000000D+00
D    1   1.00
      5.500000D-01           1.0000000
****
P     0
S    9   1.00
      0.9484000000D+05  0.2552359878D-03
      0.1422000000D+05  0.1979823882D-02
      0.3236000000D+04  0.1026485203D-01
      0.9171000000D+03  0.4143747364D-01
      0.2995000000D+03  0.1318300687D+00
      0.1081000000D+03  0.3082722231D+00
      0.4218000000D+02  0.4198812898D+00
      0.1728000000D+02  0.2224305272D+00
      0.4858000000D+01  0.1841567602D-01
S    8   1.00
      0.3236000000D+04 -0.5968380732D-04
      0.9171000000D+03 -0.1893137803D-03
      0.2995000000D+03 -0.3531267320D-02
      0.1081000000D+03 -0.1578691497D-01
      0.4218000000D+02 -0.8178538072D-01
      0.1728000000D+02 -0.5315517357D-01
      0.4858000000D+01  0.5091508541D+00
      0.1818000000D+01  0.5935962500D+00
S    8   1.00
      0.3236000000D+04 -0.4939578343D-05
      0.9171000000D+03  0.1847442598D-04
      0.1081000000D+03  0.1007488212D-02
      0.4218000000D+02  0.3104108700D-02
      0.1728000000D+02  0.7609426376D-02
      0.4858000000D+01 -0.9223370252D-01
      0.1818000000D+01 -0.3856048195D+00
      0.3372000000D+00  0.1196823700D+01
S    1   1.00
      1.232000D-01           1.000000D+00
P    6   1.00
      0.3705000000D+03  0.3971948121D-02
      0.8733000000D+02  0.3040942277D-01
      0.2759000000D+02  0.1303107929D+00
      0.1000000000D+02  0.3294093415D+00
      0.3825000000D+01  0.4602762565D+00
      0.1494000000D+01  0.2528480381D+00
P    6   1.00
      0.8733000000D+02  0.4203417805D-03
      0.2759000000D+02 -0.2170318972D-02
      0.1000000000D+02  0.4277732466D-04
      0.3825000000D+01 -0.4223986262D-01
      0.1494000000D+01  0.9232244981D-01
      0.3921000000D+00  0.9549145721D+00
P    1   1.00
      1.186000D-01           1.000000D+00
D    1   1.00
      3.730000D-01           1.0000000
****
