! cc-pVDZ prec64_original_BEx
H     0
S 4   1.00
0.1301000000D+02   0.1968499018D-01
0.1962000000D+01   0.1379769311D+00
0.4446000000D+00   0.4781477614D+00
0.1220000000D+00   0.5012397498D+00
S 1   1.00
0.1220000000D+00   0.1000000037D+01
P 1   1.00
0.7270000000D+00   0.1000000037D+01
****
C     0
S 9   1.00
0.6665000000D+04   0.6920000000D-03
0.1000000000D+04   0.5329000000D-02
0.2280000000D+03   0.2707700000D-01
0.6471000000D+02   0.1017180000D+00
0.2106000000D+02   0.2747400000D+00
0.7495000000D+01   0.4485640000D+00
0.2797000000D+01   0.2850740000D+00
0.5215000000D+00   0.1520400000D-01
0.1596000000D+00   -0.3189615155D-02
S 9   1.00
0.6665000000D+04   -0.1459928565D-03
0.1000000000D+04   -0.1153943537D-02
0.2280000000D+03   -0.5724719887D-02
0.6471000000D+02   -0.2331085939D-01
0.2106000000D+02   -0.6395187081D-01
0.7495000000D+01   -0.1499736617D+00
0.2797000000D+01   -0.1272557733D+00
0.5215000000D+00   0.5445290000D+00
0.1596000000D+00   0.5804960000D+00
S 1   1.00
0.1596000000D+00   0.1000000037D+01
P 4   1.00
0.9439000000D+01   0.3571755918D-01
0.2002000000D+01   0.1963345744D+00
0.5456000000D+00   0.4766436994D+00
0.1517000000D+00   0.4394209210D+00
P 1   1.00
0.1517000000D+00   0.1000000037D+01
D 1   1.00
0.5500000000D+00   0.1000000037D+01
****
P     0
S 12   1.00
0.9484000000D+05   0.2555090000D-03
0.1422000000D+05   0.1981930000D-02
0.3236000000D+04   0.1027600000D-01
0.9171000000D+03   0.4148230000D-01
0.2995000000D+03   0.1319840000D+00
0.1081000000D+03   0.3086620000D+00
0.4218000000D+02   0.4206470000D+00
0.1728000000D+02   0.2228780000D+00
0.4858000000D+01   0.1640350000D-01
0.1818000000D+01   -0.2542320871D-02
0.3372000000D+00   0.7480500000D-03
0.1232000000D+00   -0.3309331743D-03
S 12   1.00
0.9484000000D+05   -0.6969529214D-04
0.1422000000D+05   -0.5352766920D-03
0.3236000000D+04   -0.2837146671D-02
0.9171000000D+03   -0.1139852768D-01
0.2995000000D+03   -0.3929368488D-01
0.1081000000D+03   -0.9963839024D-01
0.4218000000D+02   -0.1979869547D+00
0.1728000000D+02   -0.1148622943D+00
0.4858000000D+01   0.5185950000D+00
0.1818000000D+01   0.6018470000D+00
0.3372000000D+00   0.3686120000D-01
0.1232000000D+00   -0.9707783910D-02
S 12   1.00
0.9484000000D+05   0.1911990000D-04
0.1422000000D+05   0.1472230000D-03
0.3236000000D+04   0.7779120000D-03
0.9171000000D+03   0.3145460000D-02
0.2995000000D+03   0.1082000000D-01
0.1081000000D+03   0.2799570000D-01
0.4218000000D+02   0.5639780000D-01
0.1728000000D+02   0.3581900000D-01
0.4858000000D+01   -0.1933927216D+00
0.1818000000D+01   -0.3721080090D+00
0.3372000000D+00   0.6242460000D+00
0.1232000000D+00   0.5517210000D+00
S 1   1.00
0.1232000000D+00   0.1000000037D+01
P 8   1.00
0.3705000000D+03   0.3723596546D-02
0.8733000000D+02   0.2851503566D-01
0.2759000000D+02   0.1221267647D+00
0.1000000000D+02   0.3088132775D+00
0.3825000000D+01   0.4307929855D+00
0.1494000000D+01   0.2385767662D+00
0.3921000000D+00   0.1591209351D-01
0.1186000000D+00   -0.1952205038D-01
P 8   1.00
0.3705000000D+03   -0.1180491744D-02
0.8733000000D+02   -0.8746724186D-02
0.2759000000D+02   -0.4023254280D-01
0.1000000000D+02   -0.9787300713D-01
0.3825000000D+01   -0.1660553860D+00
0.1494000000D+01   -0.1119923147D-01
0.3921000000D+00   0.5375287890D+00
0.1186000000D+00   0.5687769065D+00
P 1   1.00
0.1186000000D+00   0.1000000037D+01
D 1   1.00
0.3730000000D+00   0.1000000037D+01
****
